---------------------
      77
      77
82
82
      77
---------------------
      85
      85
82
82
      85
---------------------
      72
      72
70
70
      72
---------------------
      83
      83
82
82
      83
---------------------
      74
      74
74
74
      74
---------------------
      69
      69
69
69
      69
---------------------
      76
      76
76
76
      76
---------------------
      83
      83
83
83
      83
---------------------
      78
      78
77
77
      78
---------------------
      76
      76
78
78
      76
---------------------
      79
      79
78
78
      79
---------------------
      83
      83
88
88
      83
---------------------
      80
      80
82
82
      80
---------------------
      86
      86
86
86
      86
---------------------
      76
      76
76
76
      76
---------------------
      82
      82
82
82
      82
---------------------
      64
      64
64
64
      64
---------------------
      82
      82
83
83
      82
---------------------
     107
     107
108
108
     107
---------------------
      98
      98
98
98
      98
---------------------
      99
      99
99
99
      99
---------------------
      93
      93
93
93
      93
---------------------
      74
      74
74
74
      74
---------------------
      88
      88
87
87
      88
---------------------
      70
      70
70
70
      70
---------------------
      80
      80
80
80
      80
---------------------
      98
      98
97
97
      98
---------------------
      67
      67
67
67
      67
---------------------
      92
      92
92
92
      92
---------------------
      82
      82
83
83
      82
---------------------
      80
      80
82
82
      80
---------------------
      74
      74
74
74
      74
---------------------
      74
      74
70
70
      74
---------------------
      85
      85
82
82
      85
---------------------
      92
      92
93
93
      92
---------------------
      59
      59
59
59
      59
---------------------
      91
      91
92
92
      91
---------------------
      73
      73
73
73
      73
---------------------
      99
      99
101
101
      99
---------------------
      78
      78
80
80
      78
---------------------
      73
      73
73
73
      73
---------------------
      80
      80
75
75
      80
---------------------
      96
      96
93
93
      96
---------------------
      65
      65
65
65
      65
---------------------
      97
      97
91
91
      97
---------------------
      73
      73
73
73
      73
---------------------
      60
      60
60
60
      60
---------------------
      76
      76
76
76
      76
---------------------
      73
      73
73
73
      73
---------------------
      85
      85
86
86
      85
---------------------
      96
      96
91
91
      96
---------------------
      67
      67
67
67
      67
---------------------
      97
      97
101
101
      97
---------------------
      93
      93
91
91
      93
---------------------
      84
      84
84
84
      84
